XQY
1 
20 
20 
10 
15 
10 
15 
4 
0 
311 
0 
55 
220 
55 
221 
55 
206 
55 
210 
55 
0 
0 
0 
0 
0 
0 
0 
51 
50 
0 
0 
0 
0 
0 
69 
0 
1 
1 
0 
1 
0 
0 
0 
2 
1 
1 
0 
0 
0 
0 
0 
0 
70 
10 
276 
0 
1 
0 
0 
1 
1 
1 
1 
2 
1 
2 
0 
0 
0 
0 
0 
0 
3 
0 
5 
1 
-1 
0 
0 
0 
0 
0 
0 
0 
0 
1 
0 
0 
79 
1 
0 
2 
0 
1 
0 
1 
0 
1 
0 
4 
0 
0 
0 
0 
15 
0 
15 
0 
8 
0 
0 
1 
1 
0 
0 
0 
0 
4 
2 
2 
1 
0 
1 
0 
1 
0 
0 
1 
5 
1 
0 
1 
2 
0 
1 
1 
0 
2 
0 
1 
1 
1 
1 
1 
1 
0 
0 
0 
0 
0 
0 
0 
0 
0 
0 
0 
0 
0 
0 
1 
1 
1 
0 
1 
1 
0 
0 
1 
1 
1 
0 
1 
1 
1 
1 
1 
1 
1 
0 
0 
1 
1 
1 
1 
1 
1 
0 
0 
0 
0 
0 
0 
0 
0 
0 
0 
0 
0 
0 
0 
0 
0 
0 
0 
0 
0 
0 
0 
0 
0 
0 
0 
0 
0 
0 
0 
0 
0 
0 
0 
1 
0 
0 
0 
0 
0 
1 
0 
0 
205 
0 
0 
0 
0 
0 
0 
0 
0 
0 
0 
0 
0 
0 
0 
0 
0 
0 
0 
0 
0 
0 
0 
0 
0 
0 
0 
0 
0 
0 
0 
0 
0 
0 
0 
0 
0 
0 
0 
0 
0 
0 
0 
0 
0 
0 
0 
0 
0 
0 
1 
0 
0 
0 
1 
0 
0 
0 
0 
0 
1 
0 
1 
1 
0 
2 
1 
0 
0 
0 
1 
0 
0 
0 
0 
2 
0 
0 
0 
0 
2 
0 
0 
1 
0 
0 
0 
1 
0 
1 
0 
0 
0 
0 
0 
0 
0 
0 
0 
0 
15 
25 
12 
48 
49 
60 
16 
35 
21 
21 
999 
0 
0 
0 
0 
0 
0 
0 
0 
0 
0 
0 
0 
0 
0 
0 
0 
0 
0 
0 
0 
0 
0 
0 
0 
0 
0 
0 
0 
0 
0 
0 
0 
0 
0 
0 
0 
0 
0 
0 
0 
1500 
1 
0 
2 
2 
0 
7 
3 
0 
0 
0 
0 
0 
0 
0 
0 
0 
0 
26 
2 
1 
1 
1 
1 
1 
0 
0 
30 
1 
0 
0 
145 
115 
0 
2 
1 
0 
0 
5 
0 
2 
0 
0 
0 
5 
6 
0 
0 
1 
1 
0 
0 
0 
0 
0 
0 
0 
4 
1 
0 
0 
0 
2 
0 
0 
1 
1 
1 
1 
0 
3 
0 
0 
0 
0 
4 
0 
0 
0 
0 
1 
1 
0 
1 
0 
0 
0 
0 
0 
3 
0 
1 
1 
1 
0 
0 
0 
0 
0 
17 
0 
1 
1 
1 
2 
1 
0 
0 
3 
10 
1 
0 
0 
0 
1 
0 
0 
0 
0 
0 
0 
0 
0 
0 
0 
0 
0 
0 
1 
0 
3 
3 
3 
3 
1 
10 
0 
1 
1 
1 
1 
0 
12 
0 
2 
5 
0 
0 
0 
1 
3 
20 
1 
14 
1 
1 
1 
1 
0 
2 
0 
999 
1 
1 
1 
411 
236 
844691 