XQY
12 
64 
20 
32 
15 
12 
15 
4 
2986 
160 
33 
21 
220 
21 
221 
21 
206 
0 
0 
0 
0 
0 
0 
0 
0 
0 
0 
51 
50 
0 
0 
0 
0 
0 
95 
0 
0 
0 
0 
0 
0 
0 
0 
1 
0 
1 
0 
0 
0 
0 
0 
0 
4 
18 
16 
0 
1 
0 
0 
1 
1 
1 
1 
1 
1 
0 
0 
0 
0 
0 
0 
0 
7 
0 
4 
1 
-1 
0 
0 
1 
3 
1 
1 
1 
1 
1 
2 
0 
0 
37 
0 
2 
0 
1 
0 
0 
1 
1 
0 
4 
0 
0 
0 
0 
0 
0 
15 
0 
0 
0 
0 
0 
0 
0 
0 
0 
0 
0 
0 
2 
1 
0 
0 
0 
0 
0 
0 
2 
3 
0 
0 
1 
2 
0 
0 
1 
1 
0 
0 
1 
1 
0 
1 
1 
1 
0 
0 
0 
0 
0 
0 
0 
0 
0 
0 
0 
0 
0 
0 
0 
0 
0 
0 
0 
0 
0 
0 
0 
0 
0 
0 
0 
1 
0 
0 
1 
1 
0 
0 
0 
0 
0 
0 
0 
0 
0 
0 
0 
0 
0 
0 
0 
0 
0 
0 
0 
0 
0 
0 
0 
0 
0 
0 
0 
0 
0 
0 
0 
0 
0 
0 
0 
0 
0 
0 
0 
0 
0 
0 
0 
0 
0 
0 
0 
0 
0 
0 
0 
0 
205 
33 
9 
3 
3 
12 
0 
0 
0 
0 
0 
0 
0 
0 
0 
0 
0 
0 
0 
0 
0 
0 
0 
0 
0 
0 
0 
0 
0 
0 
0 
0 
0 
0 
0 
0 
0 
0 
0 
0 
0 
0 
0 
0 
0 
0 
0 
0 
0 
0 
1 
0 
0 
0 
1 
0 
0 
0 
0 
0 
1 
0 
0 
1 
0 
3 
0 
0 
0 
0 
1 
0 
0 
0 
0 
2 
0 
0 
0 
0 
0 
0 
0 
0 
0 
0 
0 
0 
0 
1 
0 
0 
0 
0 
0 
0 
0 
0 
0 
0 
15 
47 
25 
46 
48 
60 
49 
0 
0 
0 
999 
0 
0 
0 
0 
0 
0 
0 
0 
0 
0 
0 
0 
0 
0 
0 
0 
0 
0 
0 
0 
0 
0 
0 
0 
0 
0 
0 
0 
0 
0 
0 
0 
0 
0 
0 
0 
0 
0 
0 
1 
-516 
1 
0 
2 
0 
1 
5 
4 
0 
0 
0 
0 
0 
0 
0 
0 
0 
0 
26 
2 
1 
0 
1 
1 
1 
0 
0 
0 
0 
0 
0 
10 
0 
0 
2 
1 
0 
0 
0 
0 
0 
0 
0 
0 
6 
6 
1 
5 
1 
1 
0 
1 
0 
0 
0 
0 
0 
4 
1 
0 
0 
0 
0 
0 
0 
1 
1 
1 
1 
0 
3 
0 
0 
0 
0 
4 
0 
0 
0 
0 
1 
1 
0 
1 
0 
0 
0 
0 
0 
1 
0 
1 
1 
1 
0 
0 
0 
0 
0 
17 
0 
1 
1 
1 
2 
1 
0 
0 
3 
8 
1 
0 
0 
0 
0 
0 
0 
0 
0 
0 
0 
0 
0 
0 
0 
0 
0 
0 
0 
0 
0 
0 
0 
0 
0 
0 
0 
0 
0 
0 
0 
1 
0 
0 
0 
5 
0 
0 
0 
0 
0 
0 
0 
0 
0 
0 
0 
0 
0 
0 
0 
208 
1 
1 
1 
337 
319 
567170 